0 0.858563 0.508594 0.123853 0.110937
0 0.785933 0.203125 0.125382 0.125
0 0.686544 0.278125 0.122324 0.10625
1 0.656728 0.0492188 0.123853 0.0984375
0 0.769113 0.734375 0.030581 0.025
0 0.652141 0.0390625 0.0351682 0.034375
0 0.55581 0.113281 0.0321101 0.0296875
2 0.129205 0.960938 0.163609 0.0125
0 0.665902 0.158594 0.0259939 0.0328125
0 0.504587 0.382812 0.0244648 0.03125
0 0.669725 0.419531 0.0336391 0.0359375
0 0.797401 0.403125 0.0321101 0.028125
0 0.769878 0.605469 0.0321101 0.0296875
0 0.240061 0.65625 0.030581 0.03125
0 0.856269 0.507031 0.030581 0.0265625
0 0.668196 0.554688 0.0336391 0.03125
0 0.683486 0.272656 0.0336391 0.0265625
0 0.785933 0.201562 0.030581 0.028125
0 0.957187 0.578125 0.0336391 0.0375
0 0.598624 0.359375 0.0382263 0.028125
1 0.594801 0.347656 0.122324 0.129688
1 0.662844 0.549219 0.120795 0.129688
1 0.243119 0.661719 0.119266 0.120312
1 0.501529 0.389062 0.122324 0.128125
1 0.688073 0.28125 0.125382 0.11875
1 0.772936 0.604688 0.123853 0.121875
1 0.792813 0.40625 0.120795 0.128125
1 0.785168 0.204688 0.120795 0.128125
1 0.670489 0.1625 0.114679 0.125
1 0.555046 0.113281 0.125382 0.129688
1 0.857798 0.511719 0.125382 0.123438
1 0.66896 0.424219 0.123853 0.123438
1 0.770642 0.730469 0.122324 0.126563
