1 0.986656 0.625 0.0266876 0.15625
1 0.982732 0.0765625 0.0345369 0.153125
0 0.966248 0.984375 0.0423862 0.03125
0 0.682104 0.290625 0.0392465 0.034375
2 0.102826 0.941406 0.171115 0.0265625
0 0.240188 0.0429688 0.043956 0.0515625
0 0.855573 0.685156 0.0313972 0.0390625
0 0.237049 0.789844 0.0470958 0.0484375
0 0.912088 0.0640625 0.0470958 0.04375
1 0.452904 0.219531 0.152276 0.151562
0 0.478807 0.571094 0.0470958 0.0546875
0 0.322606 0.402344 0.0486656 0.0515625
0 0.817111 0.189844 0.0455259 0.0515625
0 0.133438 0.152344 0.0470958 0.0484375
0 0.534537 0.724219 0.0486656 0.0453125
0 0.750392 0.0382813 0.043956 0.0515625
0 0.836735 0.513281 0.0470958 0.0453125
0 0.508634 0.884375 0.0408163 0.04375
0 0.752747 0.74375 0.0423862 0.04375
0 0.952119 0.283594 0.0423862 0.0453125
0 0.359498 0.894531 0.0470958 0.0515625
1 0.919937 0.957031 0.160126 0.0828125
1 0.137363 0.157813 0.145997 0.153125
0 0.456829 0.2125 0.043956 0.04375
0 0.134223 0.478125 0.0423862 0.046875
1 0.907378 0.0742188 0.150706 0.142188
0 0.405024 0.0585938 0.0470958 0.0453125
0 0.918367 0.985156 0.043956 0.0296875
0 0.980377 0.448438 0.0392465 0.05
0 0.696232 0.423438 0.0455259 0.046875
0 0.802198 0.353906 0.0470958 0.0484375
0 0.553375 0.133594 0.0455259 0.0453125
0 0.746468 0.90625 0.0455259 0.046875
0 0.903454 0.832031 0.0486656 0.0515625
0 0.317896 0.577344 0.0486656 0.0453125
0 0.177394 0.307031 0.0470958 0.0515625
1 0.749608 0.747656 0.161695 0.164062
0 0.482732 0.414062 0.0486656 0.05
1 0.749608 0.0664062 0.161695 0.123438
0 0.693878 0.588281 0.0470958 0.0515625
0 0.17033 0.641406 0.0455259 0.0484375
1 0.816327 0.353125 0.138148 0.159375
0 0.378336 0.726562 0.0408163 0.046875
1 0.691523 0.433594 0.158556 0.142188
0 0.293564 0.189063 0.043956 0.05
1 0.357928 0.899219 0.156986 0.170312
1 0.935636 0.288281 0.128728 0.164062
1 0.407378 0.0710938 0.161695 0.142188
1 0.375981 0.727344 0.158556 0.160938
1 0.481162 0.413281 0.161695 0.160938
1 0.680534 0.292188 0.158556 0.15625
1 0.315542 0.575 0.160126 0.165625
1 0.744113 0.910156 0.160126 0.160938
1 0.318681 0.407031 0.163265 0.164062
1 0.864992 0.679688 0.153846 0.15625
1 0.294349 0.192188 0.161695 0.1625
1 0.476452 0.576563 0.167975 0.1625
1 0.169545 0.639063 0.166405 0.1625
1 0.836735 0.517187 0.163265 0.1625
1 0.234694 0.790625 0.161695 0.165625
1 0.696232 0.590625 0.167975 0.165625
1 0.180534 0.311719 0.166405 0.164062
1 0.815542 0.186719 0.161695 0.160938
1 0.533752 0.728125 0.166405 0.159375
1 0.551805 0.135156 0.164835 0.160938
1 0.898744 0.835938 0.164835 0.165625
1 0.131868 0.484375 0.166405 0.1625
1 0.508634 0.889063 0.163265 0.16875
