1 0.161273 0.952344 0.0741127 0.0859375
1 0.953549 0.550781 0.065762 0.110937
2 0.803758 0.971094 0.162839 0.0171875
0 0.227035 0.149219 0.0323591 0.0453125
0 0.172756 0.0789063 0.0323591 0.0453125
0 0.591858 0.964844 0.0354906 0.0578125
0 0.159186 0.960938 0.0365344 0.05
1 0.294885 0.804688 0.0824635 0.11875
0 0.962422 0.548437 0.0354906 0.05
0 0.715031 0.354688 0.0375783 0.05625
0 0.928497 0.302344 0.0323591 0.0546875
0 0.253653 0.38125 0.0334029 0.05625
0 0.191023 0.589844 0.0354906 0.0546875
0 0.557933 0.569531 0.0344468 0.0515625
0 0.767223 0.460156 0.0354906 0.0546875
1 0.381524 0.655469 0.0866388 0.114063
0 0.379436 0.654688 0.0386221 0.05625
0 0.665449 0.25 0.0386221 0.0625
1 0.167015 0.203906 0.0814196 0.120312
0 0.773486 0.770312 0.0334029 0.053125
0 0.455637 0.271875 0.0344468 0.053125
1 0.456681 0.273438 0.0866388 0.121875
1 0.930063 0.303125 0.0876827 0.11875
0 0.929541 0.726562 0.0386221 0.05625
0 0.241127 0.696094 0.0354906 0.0546875
1 0.351775 0.552344 0.0709812 0.104687
0 0.844468 0.128125 0.0334029 0.053125
0 0.13309 0.482812 0.0386221 0.059375
0 0.167537 0.2 0.0386221 0.059375
1 0.172756 0.078125 0.0845511 0.115625
1 0.845511 0.128906 0.0876827 0.120312
0 0.533925 0.857813 0.0386221 0.059375
0 0.606472 0.140625 0.0375783 0.059375
0 0.292798 0.803906 0.0365344 0.0546875
1 0.254697 0.382031 0.0897704 0.123438
1 0.191023 0.589063 0.085595 0.128125
1 0.93215 0.728906 0.0876827 0.132812
1 0.770355 0.4625 0.0876827 0.11875
1 0.232777 0.154687 0.0709812 0.109375
1 0.717119 0.357812 0.0897704 0.125
0 0.246868 0.902344 0.0386221 0.0609375
1 0.776096 0.772656 0.0866388 0.123438
0 0.721816 0.561719 0.0386221 0.0609375
1 0.560021 0.572656 0.0866388 0.120312
1 0.664927 0.246875 0.0835073 0.125
1 0.534969 0.863281 0.0866388 0.132812
1 0.135177 0.485156 0.0887265 0.135937
1 0.243215 0.7 0.0897704 0.128125
1 0.244781 0.907031 0.0929019 0.139062
1 0.719207 0.565625 0.091858 0.1375
1 0.609081 0.142969 0.0866388 0.132812
